2.140948684878903746e-02 5.009412046525857365e-03 2.731932617225173274e-04 2.289091083288990747e-01 3.643566548074003708e-01 9.749612784593386303e-03 9.401881597127292878e-01 2.837800854269602602e-01 5.817597128986596619e-06 1.432104694698231873e-01 6.500191817317184373e-02 7.022162332247666727e-02 8.838577493350121411e-03 1.724931720100607579e-01 6.222981639432874079e-01 1.802388457484580475e-04 9.564236526251174847e-03 1.471992003869203487e-02 1.506375977356516904e-01 5.736488889307930217e-01 5.988614043775467577e-01 1.993105948582655704e-02 3.398254598369469526e-01 6.438988717291851405e-01 3.456556182353966861e-02 7.387111093971616693e-01 1.904345803733738197e-03 2.030504005760208064e-01 2.208766961730578016e-02 6.306212576019686045e-02 1.119525749812559506e-01 9.474743982848473633e-01 4.974316595646817354e-06 8.389127475763209496e-01 6.129568490177401963e-02 8.321577025759394064e-02 9.272252895269530309e-04 1.772314981016981299e-05 1.628882550661072629e-03 3.614895953464348360e-02 1.218113033012735262e-02 1.781971897434403082e-04 7.861807831467685021e-04 7.543149268318390943e-01 3.158342982403666288e-01 1.585540404787365331e-04 1.263147256717740974e-01 1.985027574938880244e-03 1.117982992920121821e-02 2.645981673982902849e-01 2.274399522796887588e-07 2.069013535241485437e-03 4.314326678209664534e-01 1.962100281676673053e-01 5.742260659694041480e-02 6.983236421837653307e-02 3.299364546531472486e-01 4.925541940533464793e-10 4.098813814466519823e-01 5.790568818166108578e-01
3.140740096730774700e-01 8.632139353012345806e-01 4.113797826366742405e-01 5.548863444478848578e-02 1.547487694896085841e-01 6.318069183237546849e-01 1.316281479291036335e-06 3.276448213870233753e-04 1.419423372043838727e-01 3.831560635347222021e-01 9.071417159936380481e-02 1.569829166958651781e-02 1.109588003909638687e-01 3.929973863471483003e-02 3.594305317265883599e-03 1.209340398838628337e-02 4.743552745907401655e-03 1.167735629742142935e-02 8.377164897592735693e-04 4.801011775674952431e-05 5.168356938028006596e-05 1.525520741918910406e-01 1.048771711375857257e-01 1.898622871346318866e-02 1.249807882801984227e-05 6.912027411585575792e-03 4.819823484641204137e-01 4.064783716589799416e-03 6.820377620579768374e-01 2.446154597604982828e-01 4.135750261210868750e-01 6.635253664194044525e-06 3.908152383921751905e-01 6.111654110294031071e-03 1.379396471585156923e-06 3.113502854938305919e-01 9.782482747435750081e-02 9.888952925531857563e-01 2.846013781290054069e-11 7.140985165429799067e-03 7.301388604912086855e-01 4.966684442230551485e-07 1.247844607570603170e-01 1.547100304721473786e-02 1.982084574102264268e-02 7.463674659252131915e-01 2.842611728538619320e-01 1.501789046045186662e-02 3.706589203771840646e-01 2.768731053490828815e-04 8.508612982392554924e-03 7.305139630689102548e-01 1.092053648712216218e-01 1.656828726777451466e-01 6.023683353585471134e-02 4.917018842675351942e-01 4.743768620565431277e-02 8.448772865839109247e-01 9.511270420982247120e-02 4.955877085409345420e-03
8.599974236694413188e-02 1.682950051016195063e-08 1.170204320248618979e-01 8.179329798248508032e-02 8.995027724821486905e-06 1.132033067209461258e-02 8.537911193729397132e-04 2.017706727881260764e-01 3.854369355665877017e-01 6.617220831483844497e-06 1.970093280461228946e-01 3.717506099693967392e-01 3.281932153617144743e-01 1.493323261491781573e-01 2.285802341344650782e-02 7.684357646269505127e-01 6.944382734223973896e-01 5.938436334904674263e-01 3.398144625399461827e-01 5.554267849258003042e-02 4.793888859694753202e-02 2.192519223073402801e-01 8.687553474875205767e-03 3.573215651216679785e-03 6.569857565008754285e-01 3.292274889873412352e-03 6.870254511132199704e-02 2.358396073194217180e-01 6.515263549367157972e-04 6.466447978657811901e-02 4.976852563803093330e-04 5.779761959866725396e-04 1.388438089163180900e-01 3.482332274157853386e-05 5.643703560557987720e-01 2.357479311371803166e-02 4.313599922178975588e-01 1.844074575144234511e-06 9.208998093397587903e-01 5.261570711330930683e-01 1.235537209704645235e-03 9.720899110792954323e-01 3.828053357568744763e-01 5.047332387286831236e-05 8.834098035500689838e-02 1.524794311724305025e-02 1.241679675781226337e-02 6.937204924125864869e-01 8.148035735763420329e-02 2.199323271970578531e-01 8.231587225035155164e-01 9.962533920275689833e-03 1.613485990001481353e-04 2.250071339111702970e-02 2.651610634950016809e-01 1.192133252963054968e-03 4.317963664771760218e-02 6.529567716815070852e-03 2.639568607429693906e-03 2.844084532079778349e-02
-1.675994868714330011e-01 -7.259883789058238501e-02 -6.807273735774379761e-03 6.424780664074298819e-01 -1.176553884409262896e+00 -1.106487752894444315e-01 -1.293624604477648099e-01 2.092412253581804327e-01 2.908343583118296028e-04 7.326304976570086058e-01 2.826008121091250769e-01 1.931417839613001064e-01 -6.654833743300021809e-02 -4.766903258752240857e-01 6.862188163553725184e-01 -2.063400016630260927e-03 -3.210507255296125850e-02 5.556805711351250898e-02 -1.645448497055311265e-01 2.194713331382268651e-01 -2.308834798765119767e-01 1.326057357647634494e-01 -1.013146310896814395e+00 -1.067291170131691835e+00 1.906573364075930116e-02 9.190038421101291988e-01 3.038275381512629825e-02 3.055077556850616660e-01 2.082689462515477652e-01 -3.540033903150990868e-01 -6.208320559153607254e-01 -1.949620069015421953e-01 -3.331217051103634594e-04 9.803638268951208046e-01 1.688708524160969018e-02 4.629419498172261394e-01 -1.188669762369293052e-02 1.089565266168652895e-03 -7.490944324371908271e-05 -9.639874396672989953e-02 1.355741997654325570e-01 1.637767585551248265e-04 1.116199788771479566e-02 -1.141837062860619145e+00 -6.323172135741538247e-01 5.253287286598794757e-03 6.188421191400296228e-01 1.316852499757797945e-02 1.073074817602064635e-01 -1.903576383824208129e-01 1.265245351854185686e-05 -3.587481089949155072e-02 1.224068592374259801e+00 -7.523506411305604935e-01 -2.324543629370242059e-01 -4.550174148218277259e-01 8.126688125569183629e-01 4.009580305130012287e-07 1.137924026001027489e+00 -7.045000746940530689e-01
1.212380583476776325e-01 -8.578628576013280944e-04 -4.971390786545406941e-03 7.079241475130202410e-01 1.027319773841928741e-01 -4.048231084336068042e-02 -6.528433472433401441e-01 1.042343681645800268e+00 3.733413176653490651e-04 4.722913316887944468e-02 -3.430649251854969162e-01 4.260651989598031042e-01 -8.727285259596437306e-02 -6.655449313748120765e-01 1.089729102386887805e+00 -5.825700877358796353e-03 1.116750445347894777e-01 -1.483908442387094906e-01 7.384489747997882159e-01 -1.279974488611175909e+00 1.274168091342991360e+00 1.451923159751702108e-01 -5.435334781340968036e-01 7.029720311974311242e-01 2.886899697687964061e-01 -7.634665018262898339e-01 1.866863470353663165e-02 -8.431737258920311007e-01 -3.661469421796291479e-02 -2.538358115779372204e-01 -1.156309917254787906e-01 5.956115243168244033e-01 2.571826626600928192e-04 2.693488580244993713e-01 -4.270939961682526653e-01 2.428433369444345791e-01 1.722498721308419675e-02 -4.026338582433566646e-05 -3.177096567161863394e-02 -2.824299150433392525e-01 2.749727398633698694e-02 6.125791886781424556e-03 -1.477223830297654493e-02 -2.728914909851605231e-01 9.187450516704922521e-01 -1.986075675608363431e-03 -2.829129790847894066e-01 3.433057127652107410e-02 -7.347669617348502602e-02 -1.010583917844989799e+00 -3.968084886311442266e-05 1.225956169246048173e-02 -2.399860849788096329e-01 4.567199299171756932e-01 3.367050315788171488e-01 1.009679993845468554e-01 -7.937842265747384607e-01 1.188835088806888713e-07 4.644477608406109570e-01 -1.090401742754551151e+00
-6.419268703179604740e-01 -9.530057310821908878e-01 -2.641555230184753356e-01 3.163215554839461929e-01 -7.667646299444081937e-01 -8.907280236471211143e-01 -1.530647772029103024e-04 7.109809283041500748e-03 4.542865365399481603e-02 1.198354912376712322e+00 3.338473157492255483e-01 9.132023133007474702e-02 -2.357908236098785471e-01 -2.275334306840609278e-01 5.215198525661687845e-02 -1.690182152539642865e-02 -2.260998992568082760e-02 4.949311093896404529e-02 -1.227060948566537947e-02 2.007803046696773463e-03 -2.144894556085048289e-03 3.668649109777343820e-01 -5.628396613583771524e-01 -1.832708687430853745e-01 3.625378384448571241e-04 8.889610603885320095e-02 4.833589836425772335e-01 4.322540146623466556e-02 1.157320860435380627e+00 -6.972123457947330127e-01 -1.193257691668115461e+00 -5.159350232683597047e-04 -9.337314003105515181e-02 8.367741691393730530e-02 8.010955142792249050e-05 8.954644559654222347e-01 -1.220936638240556621e-01 2.573700166213474527e-01 -9.901709555526311766e-09 -4.284523605356563292e-02 1.049629399590440437e+00 8.646396157853434249e-06 1.406244954631398481e-01 -1.635260779129145414e-01 -1.584041116264769400e-01 3.604282680863971078e-01 9.283497928180948211e-01 3.622082404751206935e-02 6.178735907072553379e-01 -6.157682299467445025e-03 2.447207290311833889e-03 -6.740967221851567048e-01 6.158447289672513980e-01 -6.913508534509821279e-01 -2.380824141872087962e-01 -1.207398361488308147e+00 3.081485940999293960e-01 1.660614106408616480e-02 5.481550712189795505e-01 -6.517494796269047985e-02
2.429877717670796133e-01 -1.572389373813827630e-06 -1.028901404398035319e-01 4.231691991121122598e-01 5.104386455187712428e-04 -4.362155750388122671e-02 -1.967330888040701511e-02 8.789193010898180836e-01 9.609723665324444719e-02 3.210409298764706123e-04 -5.972506441027225499e-01 9.803168666919364060e-01 -5.318054502369539138e-01 -6.192533163560361986e-01 2.088519940657367902e-01 -3.803888408660984766e-01 9.515854758865802676e-01 -9.425196919997832490e-01 1.109110279728727777e+00 -3.982828856544519125e-01 3.605018878689053574e-01 4.815597108195984744e-01 -8.690546502025545128e-02 5.236713665195147360e-02 1.258600389986700430e+00 -5.096836663866443490e-02 1.121310952332585931e-01 -9.087062419975271421e-01 -6.288491189528910147e-03 -2.570404565798208862e-01 -7.709648792325302959e-03 1.471073345381792782e-02 4.296731705017382136e-02 1.735369042223592955e-03 -1.295957061370452523e+00 1.292549899737442110e-01 3.715234281237819736e-01 -1.298760520498607234e-05 -7.554256403005803477e-01 -1.077507992471013809e+00 8.757371242902075095e-03 4.524442058335620964e-01 -3.259673368225695644e-01 -2.232259069225004094e-03 4.858995254112579709e-01 -1.947658305205937287e-02 -8.870143922044218532e-02 6.417856763978476708e-01 -1.983620027069452618e-01 -9.213475845066246839e-01 -7.548999013026251592e-02 2.690160453488889963e-02 -4.641006183134710125e-03 1.546633836299387832e-01 7.235408089984830537e-01 1.319221678554845234e-02 -2.871618911397992857e-01 4.328493994907678475e-04 3.727127547014831566e-02 -2.416557723554092763e-01
-9.087789902231235839e-01 4.080060754553020697e-02 1.201731994659307023e+00 2.445639550351767777e-01 -5.404817339214416233e-02 9.246195086628492543e-01 2.657109655708077869e-05 6.528704060342164182e-03 7.288401482133756160e-01 9.880084876082781409e-02 -4.404920178500108530e-01 1.385199127056127022e-01 5.820545729182193817e-01 2.194778491018566924e-01 2.283131277507939247e-02 1.365756589271573951e-01 -6.600034474657756611e-02 -1.247344499312507127e-01 -1.503810989265666476e-02 -1.119995491805837523e-03 -1.140896784582184778e-03 6.681276290500333115e-01 2.250583276755674100e-01 -5.002116811979382544e-02 7.569748045395202846e-04 -2.296878923306299239e-02 1.184613146231618064e+00 -4.487373911116540603e-02 -4.796222298583984744e-01 7.015996507552990646e-01 3.081161158971582048e-01 -8.108315280433539725e-05 -1.206897083869562959e+00 6.716555670814409150e-03 -1.395461544537180939e-04 6.532943693504162930e-01 -5.670309637587883644e-01 -1.461730616430097496e-01 4.828262084508355479e-08 8.368689261321296535e-02 5.923495275571641905e-01 7.430816320663442603e-05 -6.605791577296596939e-01 1.478986880321907227e-02 -1.151972684188400514e-01 -1.128696900259762881e+00 -5.198170762001731449e-01 1.566075954506234991e-01 -1.015205740729477668e+00 5.879533071060081585e-03 -1.067394510619668613e-01 -9.985592423093756498e-01 -8.564150126029493326e-02 -4.023159726913794754e-01 -3.490069135573533043e-01 -4.364330149213747068e-01 -1.853413664874120625e-01 1.002019850049455929e+00 1.552823615228157983e-01 3.068216572243501888e-02
-4.755441612382558803e-01 5.696958055664068576e-06 6.409394454587704626e-01 2.969267265002130118e-01 -4.120677934750289649e-04 1.237657335902041106e-01 6.767229558325654846e-04 1.620146735052723774e-01 1.201027569369300663e+00 4.105921464652920313e-04 -6.491482166975084400e-01 6.740806446852256606e-01 1.001031234316391849e+00 4.278315218701162492e-01 5.757616544016928156e-02 1.088686427875368290e+00 -7.985666357118410552e-01 -8.895087055158344969e-01 -3.028765511201970129e-01 -3.809458955095623017e-02 -3.474674180236154292e-02 8.009807483303912345e-01 6.477439280468465232e-02 -2.170021761476795263e-02 1.735552565161871119e-01 -1.585197656132282182e-02 4.472469567781446331e-01 -3.418077528807102472e-01 -1.482385258661663915e-02 3.607283769001570772e-01 1.068844801230805705e-02 -7.567576818808558620e-04 -7.193624312281188260e-01 5.069934388959995838e-04 -8.925969829645968856e-02 1.797662777644920828e-01 -1.190699471882997296e+00 -1.996096020407171171e-04 8.685174094347740056e-03 7.183499776029087514e-01 2.436706541446320706e-02 1.039576515841156984e-01 -1.157000655280038259e+00 8.447652460800647795e-04 -2.431992311291208408e-01 -1.613268350412844498e-01 -1.086417009695786751e-01 1.064389587005204474e+00 -4.759850355996065319e-01 1.657093396002505825e-01 -1.049874463198727792e+00 -1.166123322955210512e-01 -3.291886735468171118e-03 -1.482608928300701290e-01 -7.322474012510385988e-01 -2.148963609035937222e-02 -1.768276207379935738e-01 8.808900869381117160e-02 2.586838641431717448e-02 7.350163473601223352e-02
4.920059772676740883e-01 3.945516370567632713e-01 6.360741031128115675e-02 6.762150087015310618e-01 1.424715685154280154e+00 4.709091431457004817e-01 6.674719576164169291e-03 5.785539486084925742e-02 5.452291261705244016e-03 1.405485877056262378e+00 4.607357439358932272e-01 1.992108001073506218e-01 1.878985002858970799e-01 4.940057861459303257e-01 2.837644544073509301e-01 8.858286647953742682e-03 4.041366817943947698e-02 7.866403901789539854e-02 6.740102065719529023e-02 3.148768371140456962e-02 3.338033280126907754e-02 3.308457053591191133e-01 1.132712489865021821e+00 6.634060633516121186e-01 3.943616638390972512e-03 4.287373225487314254e-01 1.817773315344069218e-01 1.723740543953876103e-01 7.364281982481901689e-01 7.452079923799643790e-01 1.291057089519689338e+00 1.504401499022734075e-02 8.365727352834965991e-03 4.296244912810531225e-01 1.744659810154545847e-03 9.657811024152792578e-01 5.714370956808870888e-02 2.511868266835873276e-02 1.291857572421337596e-06 9.640026253166533721e-02 5.658453837175196899e-01 5.644623243240085578e-05 5.942821907958527328e-02 6.481668821659265500e-01 4.747248725159363691e-01 6.527039747508404932e-02 1.136938606281888919e+00 3.275963004264099976e-02 3.862389582837250646e-01 5.135527417880930701e-02 2.639453487079121224e-04 2.332637090972555505e-01 1.302356106693985272e+00 1.081809169927864467e+00 3.528773381954299349e-01 1.111809957899807522e+00 7.506338602348784361e-01 1.223982133645070683e-04 1.184676055893491009e+00 3.214194305619481606e-01
2.574559626719802319e-01 5.509094747174220631e-05 3.392478395612572029e-02 8.209971453691063958e-01 1.086215151900248553e-02 6.303394532530244565e-02 1.699943376906517811e-01 1.435724888471641592e+00 8.984620478978097222e-03 5.840855319817691259e-03 6.789811720189325994e-01 9.694212329602592826e-01 3.231522891820284293e-01 9.629730205774492680e-01 7.155992007095702823e-01 7.061211729536957804e-02 4.889824009063706844e-01 5.609705061915256641e-01 1.357496974310649085e+00 1.070995727815156284e+00 1.016619400454665367e+00 3.966323635459153563e-01 3.260077710123965855e-01 2.877992754429473110e-01 9.041719660587668184e-01 2.958943076644041104e-01 6.862945814727565430e-02 1.312990389364827593e+00 2.276104478035111470e-02 3.831496627098611163e-01 4.478635121721078610e-02 1.404073906407912464e-01 4.986332345946191402e-03 3.242983590756337575e-02 1.115959152683079658e+00 2.657529010836435779e-01 1.199951839545447541e-01 3.430132881435695688e-05 2.323819155878165676e-01 8.274787636170741756e-01 2.327678311212334067e-02 7.896868272905484265e-02 1.040881892997070207e-01 3.702188727966749388e-02 1.002217548891669807e+00 9.329224386209056599e-03 2.376200200796815820e-01 2.226520941797086872e-01 1.810903513769853423e-01 1.447402109369533507e+00 2.596129908215906099e-03 2.724067236594393190e-02 5.005994441236557430e-02 3.986667303619560454e-01 7.403678947796112908e-01 5.474469295410420294e-02 7.161531290410771966e-01 1.076020328403759849e-05 1.973544045125771584e-01 7.699865060355470803e-01
9.860883433939172660e-01 7.231794639804957434e-04 1.316447581962816527e+00 4.042147236608479854e-01 7.078905352515838488e-03 5.074263261876654774e-01 2.011413924434636894e-04 4.878450755808634576e-02 1.403407817155017501e+00 9.553816947792500430e-03 8.021068305891980721e-01 4.583563920480069886e-01 1.144977430793990836e+00 4.596454828947641458e-01 5.438486686107633222e-02 5.784013736734173738e-01 3.443657428305206269e-01 4.996427253108436384e-01 1.012326747360867002e-01 9.797855850049318541e-03 9.444337112434031400e-03 1.097316763139790874e+00 1.811091857743580003e-01 4.941971292384187558e-02 1.719296809311384941e-02 2.862213469100577737e-02 1.091825492180786839e+00 1.857711814036855369e-01 1.264798828808037512e-01 7.546161489883589368e-01 8.608070018693146641e-02 3.715651654831896760e-04 1.397655875425959593e+00 2.767997783314846919e-03 5.293926444632810618e-03 5.140434499056549811e-01 1.232524971532024116e+00 8.102436670112107484e-03 3.071679796926433031e-05 3.677799263517609329e-01 1.802112490772330711e-01 4.169056226066582965e-03 1.311355659729461776e+00 5.302020945625099228e-03 2.510692055832074998e-01 6.400784888899062608e-01 3.564632877880901662e-01 6.124180444337237184e-01 1.042713367347231301e+00 4.682051334956931904e-02 5.021372359654987516e-01 5.118590869635171181e-01 2.518580502008576846e-02 3.663432570005890065e-01 7.582932561415736128e-01 1.452662039294657370e-01 2.715516782044801736e-01 4.456462772035129083e-01 9.506857680222086104e-02 7.123325073405312180e-02
-7.118142244091992810e-01 9.324424596077560135e-03 9.290570817380074120e-02 1.490195412420401322e+00 -2.488009456866691893e-01 3.445766166310831324e-01 6.736956385849193762e-02 5.764180092053876603e-01 1.399810954768825402e-02 1.812097090327414450e-01 -1.118625755842600933e+00 8.789065467023614575e-01 4.928278827390255024e-01 1.379440820140804824e+00 9.012471731188678170e-01 5.002009099637128725e-02 -2.811517205767427585e-01 -4.201342918017462180e-01 -6.049683681237959521e-01 -3.672774141365579559e-01 -3.684296074932272846e-01 7.244973818740905180e-01 1.215356859558208269e+00 -8.739056799381772489e-01 1.194270925597040733e-01 -7.123508495831171183e-01 2.233855838380268688e-01 -9.514735451855588222e-01 -2.589353216372022315e-01 1.068693016593775802e+00 4.809230136007165979e-01 -9.191933179780560625e-02 -1.291732122335088363e-02 2.360733085642249818e-01 -8.824894522792416096e-02 1.013230733404035577e+00 -1.656136460738411864e-01 -1.856452739598681099e-03 1.095818118751276963e-03 5.648687282973409163e-01 2.295304796473785491e-01 4.222551181551147982e-03 -1.572994051775191138e-01 3.098151787757368880e-01 -1.379532671785387077e+00 -4.935269734562082455e-02 -1.039537155572743510e+00 1.708098385169486422e-01 -5.289391219075426642e-01 5.452769284452051446e-01 -1.655580156821272360e-03 -1.594272282188107792e-01 -5.106696556726501024e-01 -1.313440253153105308e+00 -1.022270124761911259e+00 -4.934194757750872129e-01 -1.466381652601246532e+00 7.258180646429526208e-05 9.670595380868098889e-01 9.949645708472830696e-01
1.393070506562802624e+00 -3.378352506174198133e-02 -5.787428496291001645e-01 1.045631030292439867e+00 2.008524581821382604e-01 -9.776537147162164265e-01 -2.317379890927947789e-03 1.062534130814661582e-01 1.749490003181856379e-01 2.317563789163364363e-01 -1.215827762978910931e+00 6.043493810510670583e-01 -9.276627449830900929e-01 -9.530320626838402198e-01 2.484551635434429639e-01 -1.431592842336023297e-01 2.359413729138562787e-01 -3.965042992899814323e-01 1.652051524749771627e-01 -3.512900716253096467e-02 3.551084994197827721e-02 1.205060228375942399e+00 -9.058579066407708158e-01 3.621344347215422199e-01 1.646845166192971444e-02 -2.215524984562438349e-01 8.909974735539127888e-01 -3.578945751384018936e-01 -6.103879168677978084e-01 -1.499794633148305412e+00 -6.667386241913894063e-01 4.728565075950803484e-03 2.162628769521154071e-01 6.896954804908392300e-02 -6.078190752474032545e-03 1.409189057208771523e+00 5.307769739114265306e-01 -2.853226493337107997e-02 -1.259868692477600814e-05 -3.765850844321176893e-01 6.386601706207157836e-01 9.702113517379649379e-04 -5.583243911478579236e-01 -1.172449467653810251e-01 6.904746095640753589e-01 -4.087942141718511890e-01 -1.273227196706779640e+00 2.832849347712402821e-01 -1.269230514591750403e+00 -9.807100081593404794e-02 -2.302492456848800884e-02 6.910807453843428316e-01 -3.622203029644402994e-01 1.259068695130615145e+00 1.034571420055249380e+00 8.037621839203039631e-01 -9.029637522379033721e-01 1.477109449191275382e-02 6.711943581570465334e-01 -3.026268387834485374e-01
-1.007718857078896191e+00 -3.992024141349457145e-04 -4.226591998651048621e-01 1.152144321240561098e+00 -1.753763296773024755e-02 -3.576874798006348666e-01 -1.169493869853144123e-02 5.293057024932850130e-01 2.245803786119252021e-01 1.494020917444976657e-02 1.475961294774148502e+00 1.333177285606674367e+00 -1.216555921974548093e+00 -1.330603170081826381e+00 3.945517317487410303e-01 -4.041887956964182460e-01 -8.207040580359615811e-01 1.058838670492417089e+00 -7.414123000210121051e-01 2.048751986664228419e-01 -1.959724096186443165e-01 1.319441308012885727e+00 -4.859753160981264974e-01 -2.385200836162871263e-01 2.493623849993129860e-01 1.840557168715221126e-01 5.474719788984635516e-01 9.877566012009012519e-01 1.073091660216132504e-01 -1.075417914971299016e+00 -1.241811655863373498e-01 -1.444582920271570217e-02 -1.669631899568069788e-01 1.894895394531314475e-02 1.537245025299347478e-01 7.392118454014989792e-01 -7.691477379217995791e-01 1.054370607365396695e-03 -5.343417764997080051e-03 -1.103322398468795207e+00 1.295335965552658064e-01 3.628911012388387480e-02 7.389090232204839070e-01 -2.802076528600662073e-02 -1.003246657251906093e+00 1.545501322890349971e-01 5.820749560043803061e-01 7.385286997987564606e-01 8.690807329089508260e-01 -5.206461746097095222e-01 7.221117631832067729e-02 -2.361642283285457500e-01 7.101549124764741650e-02 -7.643268108828175089e-01 -1.498553945208664695e+00 -1.783541839231912729e-01 8.819809159896695450e-01 4.379609359513411682e-03 2.739503777158228126e-01 -4.683957380090797984e-01
